coords:
  left:
    pal_1: 
      x: -2.2
      y: -15.38
    pal_2:
      x: -2.2
      y: -13.43
    pal_3:
      x: -2.2
      y: -11.3
  top_left:
    -8.6  -8.6
    -5.9  -4
 
    -7.1  -6.9
    -6.2  -4

    -5.6  -5.53
    -5.95  -4
  top_right:
    -8.51  -8.5
    4      5.8

    -6.8   -6.8
    4       5.95

    -5,53   -5.36
    4        5.95

  center_left:
    -1.7  -1.7
    -6    -4

    -0.26  0  
    -6      -4

    1.28   1.28
    -6     -4

  center_right:
    -1.62  -1.62
    4       5.9

    0       0
    4       5.9 

    1.5     1.5
    4       5.8
  
  bottom_left:
    5.36   5.3
    -6      -4

    6.6     6.8
    -6      -4

    8.2     8.2
    -6      -4

  bottom_right:
    5.11  5.28
    4     5.9

    7     6.9
    4     5.9

    8.6   9.6
    4     5.9

  right:
    -2.13
    11.1

    -2.1
    13.3

    -2.04
    15.4